-1.5e0 -1.5e0 6.75e0 6.75e0
-1.396553e0 -1.5e0 6.7029517e0 6.7029517e0
-1.2931061e0 -1.5e0 6.5662328e0 6.5662328e0
-1.1896591e0 -1.5e0 6.3464873e0 6.3464873e0
-1.0862122e0 -1.5e0 6.0503572e0 6.0503572e0
-9.827652e-1 -1.5e0 5.6844835e0 5.6844835e0
-8.793182e-1 -1.5e0 5.2555089e0 5.2555089e0
-7.758713e-1 -1.5e0 4.770075e0 4.770075e0
-6.724243e-1 -1.5e0 4.2348247e0 4.2348247e0
-5.689774e-1 -1.5e0 3.6563991e0 3.6563991e0
-4.655304e-1 -1.5e0 3.0414412e0 3.0414412e0
-3.620834e-1 -1.5e0 2.3965924e0 2.3965924e0
-2.586365e-1 -1.5e0 1.7284953e0 1.7284953e0
-1.551895e-1 -1.5e0 1.0437917e0 1.0437917e0
-5.17426e-2 -1.5e0 3.4912405e-1 3.4912405e-1
5.17044e-2 -1.5e0 -3.4886653e-1 -3.4886653e-1
1.551514e-1 -1.5e0 -1.043537e0 -1.043537e0
2.585983e-1 -1.5e0 -1.7282454e0 -1.7282454e0
3.620453e-1 -1.5e0 -2.3963501e0 -2.3963501e0
4.654922e-1 -1.5e0 -3.0412083e0 -3.0412083e0
5.689392e-1 -1.5e0 -3.6561787e0 -3.6561787e0
6.723862e-1 -1.5e0 -4.2346187e0 -4.2346187e0
7.758331e-1 -1.5e0 -4.7698865e0 -4.7698865e0
8.792801e-1 -1.5e0 -5.2553397e0 -5.2553397e0
9.82727e-1 -1.5e0 -5.6843367e0 -5.6843367e0
1.086174e0 -1.5e0 -6.0502342e0 -6.0502342e0
1.189621e0 -1.5e0 -6.3463927e0 -6.3463927e0
1.293068e0 -1.5e0 -6.5661673e0 -6.5661673e0
1.3965149e0 -1.5e0 -6.7029178e0 -6.7029178e0
1.4999619e0 -1.5e0 -6.75e0 -6.75e0

-1.5e0 -1.396553e0 5.4016205e0 5.4016205e0
-1.396553e0 -1.396553e0 5.4475627e0 5.4475627e0
-1.2931061e0 -1.396553e0 5.4038342e0 5.4038342e0
-1.1896591e0 -1.396553e0 5.2770793e0 5.2770793e0
-1.0862122e0 -1.396553e0 5.0739397e0 5.0739397e0
-9.827652e-1 -1.396553e0 4.8010565e0 4.8010565e0
-8.793182e-1 -1.396553e0 4.4650723e0 4.4650723e0
-7.758713e-1 -1.396553e0 4.0726291e0 4.0726291e0
-6.724243e-1 -1.396553e0 3.6303691e0 3.6303691e0
-5.689774e-1 -1.396553e0 3.1449341e0 3.1449341e0
-4.655304e-1 -1.396553e0 2.6229666e0 2.6229666e0
-3.620834e-1 -1.396553e0 2.0711086e0 2.0711086e0
-2.586365e-1 -1.396553e0 1.4960019e0 1.4960019e0
-1.551895e-1 -1.396553e0 9.0428876e-1 9.0428876e-1
-5.17426e-2 -1.396553e0 3.026116e-1 3.026116e-1
5.17044e-2 -1.396553e0 -3.0238841e-1 -3.0238841e-1
1.551514e-1 -1.396553e0 -9.0406831e-1 -9.0406831e-1
2.585983e-1 -1.396553e0 -1.4957863e0 -1.4957863e0
3.620453e-1 -1.396553e0 -2.0709004e0 -2.0709004e0
4.654922e-1 -1.396553e0 -2.6227682e0 -2.6227682e0
5.689392e-1 -1.396553e0 -3.1447481e0 -3.1447481e0
6.723862e-1 -1.396553e0 -3.6301974e0 -3.6301974e0
7.758331e-1 -1.396553e0 -4.0724747e0 -4.0724747e0
8.792801e-1 -1.396553e0 -4.4649374e0 -4.4649374e0
9.82727e-1 -1.396553e0 -4.8009439e0 -4.8009439e0
1.086174e0 -1.396553e0 -5.073851e0 -5.073851e0
1.189621e0 -1.396553e0 -5.2770189e0 -5.2770189e0
1.293068e0 -1.396553e0 -5.4038031e0 -5.4038031e0
1.3965149e0 -1.396553e0 -5.447563e0 -5.447563e0
1.4999619e0 -1.396553e0 -5.4016548e0 -5.4016548e0

-1.5e0 -1.2931061e0 4.1495567e0 4.1495567e0
-1.396553e0 -1.2931061e0 4.2818471e0 4.2818471e0
-1.2931061e0 -1.2931061e0 4.3244667e0 4.3244667e0
-1.1896591e0 -1.2931061e0 4.2840599e0 4.2840599e0
-1.0862122e0 -1.2931061e0 4.1672684e0 4.1672684e0
-9.827652e-1 -1.2931061e0 3.9807333e0 3.9807333e0
-8.793182e-1 -1.2931061e0 3.7310974e0 3.7310974e0
-7.758713e-1 -1.2931061e0 3.4250023e0 3.4250023e0
-6.724243e-1 -1.2931061e0 3.0690904e0 3.0690904e0
-5.689774e-1 -1.2931061e0 2.6700035e0 2.6700035e0
-4.655304e-1 -1.2931061e0 2.2343842e0 2.2343842e0
-3.620834e-1 -1.2931061e0 1.768874e0 1.768874e0
-2.586365e-1 -1.2931061e0 1.2801157e0 1.2801157e0
-1.551895e-1 -1.2931061e0 7.7475064e-1 7.7475064e-1
-5.17426e-2 -1.2931061e0 2.5942159e-1 2.5942159e-1
5.17044e-2 -1.2931061e0 -2.5923027e-1 -2.5923027e-1
1.551514e-1 -1.2931061e0 -7.7456204e-1 -7.7456204e-1
2.585983e-1 -1.2931061e0 -1.279932e0 -1.279932e0
3.620453e-1 -1.2931061e0 -1.7686978e0 -1.7686978e0
4.654922e-1 -1.2931061e0 -2.2342175e0 -2.2342175e0
5.689392e-1 -1.2931061e0 -2.6698492e0 -2.6698492e0
6.723862e-1 -1.2931061e0 -3.0689507e0 -3.0689507e0
7.758331e-1 -1.2931061e0 -3.4248798e0 -3.4248798e0
8.792801e-1 -1.2931061e0 -3.7309943e0 -3.7309943e0
9.82727e-1 -1.2931061e0 -3.9806526e0 -3.9806526e0
1.086174e0 -1.2931061e0 -4.1672116e0 -4.1672116e0
1.189621e0 -1.2931061e0 -4.2840314e0 -4.2840314e0
1.293068e0 -1.2931061e0 -4.3244675e0 -4.3244675e0
1.3965149e0 -1.2931061e0 -4.2818793e0 -4.2818793e0
1.4999619e0 -1.2931061e0 -4.1496228e0 -4.1496228e0

-1.5e0 -1.1896591e0 2.9938019e0 2.9938019e0
-1.396553e0 -1.1896591e0 3.2057983e0 3.2057983e0
-1.2931061e0 -1.1896591e0 3.3281242e0 3.3281242e0
-1.1896591e0 -1.1896591e0 3.3674237e0 3.3674237e0
-1.0862122e0 -1.1896591e0 3.3303384e0 3.3303384e0
-9.827652e-1 -1.1896591e0 3.2235097e0 3.2235097e0
-8.793182e-1 -1.1896591e0 3.0535799e0 3.0535799e0
-7.758713e-1 -1.1896591e0 2.8271909e0 2.8271909e0
-6.724243e-1 -1.1896591e0 2.5509853e0 2.5509853e0
-5.689774e-1 -1.1896591e0 2.2316046e0 2.2316046e0
-4.655304e-1 -1.1896591e0 1.8756915e0 1.8756915e0
-3.620834e-1 -1.1896591e0 1.4898877e0 1.4898877e0
-2.586365e-1 -1.1896591e0 1.0808354e0 1.0808354e0
-1.551895e-1 -1.1896591e0 6.5517662e-1 6.5517662e-1
-5.17426e-2 -1.1896591e0 2.1955374e-1 2.1955374e-1
5.17044e-2 -1.1896591e0 -2.1939186e-1 -2.1939186e-1
1.551514e-1 -1.1896591e0 -6.5501743e-1 -6.5501743e-1
2.585983e-1 -1.1896591e0 -1.0806812e0 -1.0806812e0
3.620453e-1 -1.1896591e0 -1.4897408e0 -1.4897408e0
4.654922e-1 -1.1896591e0 -1.8755542e0 -1.8755542e0
5.689392e-1 -1.1896591e0 -2.2314798e0 -2.2314798e0
6.723862e-1 -1.1896591e0 -2.550875e0 -2.550875e0
7.758331e-1 -1.1896591e0 -2.8270978e0 -2.8270978e0
8.792801e-1 -1.1896591e0 -3.0535062e0 -3.0535062e0
9.82727e-1 -1.1896591e0 -3.2234583e0 -3.2234583e0
1.086174e0 -1.1896591e0 -3.330311e0 -3.330311e0
1.189621e0 -1.1896591e0 -3.3674246e0 -3.3674246e0
1.293068e0 -1.1896591e0 -3.3281544e0 -3.3281544e0
1.3965149e0 -1.1896591e0 -3.20586e0 -3.20586e0
1.4999619e0 -1.1896591e0 -2.9938974e0 -2.9938974e0

-1.5e0 -1.0862122e0 1.934356e0 1.934356e0
-1.396553e0 -1.0862122e0 2.2194168e0 2.2194168e0
-1.2931061e0 -1.0862122e0 2.414807e0 2.414807e0
-1.1896591e0 -1.0862122e0 2.5271707e0 2.5271707e0
-1.0862122e0 -1.0862122e0 2.5631497e0 2.5631497e0
-9.827652e-1 -1.0862122e0 2.5293852e0 2.5293852e0
-8.793182e-1 -1.0862122e0 2.4325197e0 2.4325197e0
-7.758713e-1 -1.0862122e0 2.2791951e0 2.2791951e0
-6.724243e-1 -1.0862122e0 2.0760538e0 2.0760538e0
-5.689774e-1 -1.0862122e0 1.8297374e0 1.8297374e0
-4.655304e-1 -1.0862122e0 1.5468886e0 1.5468886e0
-3.620834e-1 -1.0862122e0 1.2341492e0 1.2341492e0
-2.586365e-1 -1.0862122e0 8.9816113e-1 8.9816113e-1
-1.551895e-1 -1.0862122e0 5.4556668e-1 5.4556668e-1
-5.17426e-2 -1.0862122e0 1.8300807e-1 1.8300807e-1
5.17044e-2 -1.0862122e0 -1.8287318e-1 -1.8287318e-1
1.551514e-1 -1.0862122e0 -5.4543443e-1 -5.4543443e-1
2.585983e-1 -1.0862122e0 -8.9803378e-1 -8.9803378e-1
3.620453e-1 -1.0862122e0 -1.2340292e0 -1.2340292e0
4.654922e-1 -1.0862122e0 -1.5467784e0 -1.5467784e0
5.689392e-1 -1.0862122e0 -1.8296396e0 -1.8296396e0
6.723862e-1 -1.0862122e0 -2.0759703e0 -2.0759703e0
7.758331e-1 -1.0862122e0 -2.2791289e0 -2.2791289e0
8.792801e-1 -1.0862122e0 -2.432473e0 -2.432473e0
9.82727e-1 -1.0862122e0 -2.5293608e0 -2.5293608e0
1.086174e0 -1.0862122e0 -2.5631493e0 -2.5631493e0
1.189621e0 -1.0862122e0 -2.5271985e0 -2.5271985e0
1.293068e0 -1.0862122e0 -2.414864e0 -2.414864e0
1.3965149e0 -1.0862122e0 -2.2195053e0 -2.2195053e0
1.4999619e0 -1.0862122e0 -1.9344785e0 -1.9344785e0

-1.5e0 -9.827652e-1 9.712238e-1 9.712238e-1
-1.396553e0 -9.827652e-1 1.3227066e0 1.3227066e0
-1.2931061e0 -9.827652e-1 1.5845189e0 1.5845189e0
-1.1896591e0 -9.827652e-1 1.7633047e0 1.7633047e0
-1.0862122e0 -9.827652e-1 1.8657057e0 1.8657057e0
-9.827652e-1 -9.827652e-1 1.8983633e0 1.8983633e0
-8.793182e-1 -9.827652e-1 1.8679199e0 1.8679199e0
-7.758713e-1 -9.827652e-1 1.7810175e0 1.7810175e0
-6.724243e-1 -9.827652e-1 1.6442982e0 1.6442982e0
-5.689774e-1 -9.827652e-1 1.4644038e0 1.4644038e0
-4.655304e-1 -9.827652e-1 1.2479771e0 1.2479771e0
-3.620834e-1 -9.827652e-1 1.0016597e0 1.0016597e0
-2.586365e-1 -9.827652e-1 7.3209373e-1 7.3209373e-1
-1.551895e-1 -9.827652e-1 4.4592134e-1 4.4592134e-1
-5.17426e-2 -9.827652e-1 1.4978477e-1 1.4978477e-1
5.17044e-2 -9.827652e-1 -1.496744e-1 -1.496744e-1
1.551514e-1 -9.827652e-1 -4.4581358e-1 -4.4581358e-1
2.585983e-1 -9.827652e-1 -7.3199086e-1 -7.3199086e-1
3.620453e-1 -9.827652e-1 -1.0015643e0 -1.0015643e0
4.654922e-1 -9.827652e-1 -1.2478914e0 -1.2478914e0
5.689392e-1 -9.827652e-1 -1.4643304e0 -1.4643304e0
6.723862e-1 -9.827652e-1 -1.6442392e0 -1.6442392e0
7.758331e-1 -9.827652e-1 -1.7809758e0 -1.7809758e0
8.792801e-1 -9.827652e-1 -1.8678978e0 -1.8678978e0
9.82727e-1 -9.827652e-1 -1.8983635e0 -1.8983635e0
1.086174e0 -9.827652e-1 -1.8657298e0 -1.8657298e0
1.189621e0 -9.827652e-1 -1.763357e0 -1.763357e0
1.293068e0 -9.827652e-1 -1.5846005e0 -1.5846005e0
1.3965149e0 -9.827652e-1 -1.3228197e0 -1.3228197e0
1.4999619e0 -9.827652e-1 -9.713707e-1 -9.713707e-1

-1.5e0 -8.793182e-1 1.044025e-1 1.044025e-1
-1.396553e0 -8.793182e-1 5.156654e-1 5.156654e-1
-1.2931061e0 -8.793182e-1 8.372577e-1 8.372577e-1
-1.1896591e0 -8.793182e-1 1.0758235e0 1.0758235e0
-1.0862122e0 -8.793182e-1 1.2380046e0 1.2380046e0
-9.827652e-1 -8.793182e-1 1.3304422e0 1.3304422e0
-8.793182e-1 -8.793182e-1 1.3597787e0 1.3597787e0
-7.758713e-1 -8.793182e-1 1.3326563e0 1.3326563e0
-6.724243e-1 -8.793182e-1 1.255717e0 1.255717e0
-5.689774e-1 -8.793182e-1 1.1356027e0 1.1356027e0
-4.655304e-1 -8.793182e-1 9.789561e-1 9.789561e-1
-3.620834e-1 -8.793182e-1 7.9241858e-1 7.9241858e-1
-2.586365e-1 -8.793182e-1 5.8263266e-1 5.8263266e-1
-1.551895e-1 -8.793182e-1 3.562403e-1 3.562403e-1
-5.17426e-2 -8.793182e-1 1.1988371e-1 1.1988371e-1
5.17044e-2 -8.793182e-1 -1.1979541e-1 -1.1979541e-1
1.551514e-1 -8.793182e-1 -3.5615457e-1 -3.5615457e-1
2.585983e-1 -8.793182e-1 -5.8255183e-1 -5.8255183e-1
3.620453e-1 -8.793182e-1 -7.9234508e-1 -7.9234508e-1
4.654922e-1 -8.793182e-1 -9.788924e-1 -9.788924e-1
5.689392e-1 -8.793182e-1 -1.1355513e0 -1.1355513e0
6.723862e-1 -8.793182e-1 -1.2556801e0 -1.2556801e0
7.758331e-1 -8.793182e-1 -1.3326366e0 -1.3326366e0
8.792801e-1 -8.793182e-1 -1.3597786e0 -1.3597786e0
9.82727e-1 -8.793182e-1 -1.3304643e0 -1.3304643e0
1.086174e0 -8.793182e-1 -1.2380507e0 -1.2380507e0
1.189621e0 -8.793182e-1 -1.0758978e0 -1.0758978e0
1.293068e0 -8.793182e-1 -8.373613e-1 -8.373613e-1
1.3965149e0 -8.793182e-1 -5.158005e-1 -5.158005e-1
1.4999619e0 -8.793182e-1 -1.045715e-1 -1.045715e-1

-1.5e0 -7.758713e-1 -6.661072e-1 -6.661072e-1
-1.396553e0 -7.758713e-1 -2.017064e-1 -2.017064e-1
-1.2931061e0 -7.758713e-1 1.730238e-1 1.730238e-1
-1.1896591e0 -7.758713e-1 4.647276e-1 4.647276e-1
-1.0862122e0 -7.758713e-1 6.800467e-1 6.800467e-1
-9.827652e-1 -7.758713e-1 8.256221e-1 8.256221e-1
-8.793182e-1 -7.758713e-1 9.080966e-1 9.080966e-1
-7.758713e-1 -7.758713e-1 9.341121e-1 9.341121e-1
-6.724243e-1 -7.758713e-1 9.103108e-1 9.103108e-1
-5.689774e-1 -7.758713e-1 8.433344e-1 8.433344e-1
-4.655304e-1 -7.758713e-1 7.398255e-1 7.398255e-1
-3.620834e-1 -7.758713e-1 6.0642606e-1 6.0642606e-1
-2.586365e-1 -7.758713e-1 4.4977806e-1 4.4977806e-1
-1.551895e-1 -7.758713e-1 2.7652362e-1 2.7652362e-1
-5.17426e-2 -7.758713e-1 9.3304913e-2 9.3304913e-2
5.17044e-2 -7.758713e-1 -9.3236238e-2 -9.3236238e-2
1.551514e-1 -7.758713e-1 -2.7645749e-1 -2.7645749e-1
2.585983e-1 -7.758713e-1 -4.4971683e-1 -4.4971683e-1
3.620453e-1 -7.758713e-1 -6.0637216e-1 -6.0637216e-1
4.654922e-1 -7.758713e-1 -7.3978143e-1 -7.3978143e-1
5.689392e-1 -7.758713e-1 -8.433026e-1 -8.433026e-1
6.723862e-1 -7.758713e-1 -9.102934e-1 -9.102934e-1
7.758331e-1 -7.758713e-1 -9.34112e-1 -9.34112e-1
8.792801e-1 -7.758713e-1 -9.081161e-1 -9.081161e-1
9.82727e-1 -7.758713e-1 -8.256639e-1 -8.256639e-1
1.086174e0 -7.758713e-1 -6.801123e-1 -6.801123e-1
1.189621e0 -7.758713e-1 -4.648215e-1 -4.648215e-1
1.293068e0 -7.758713e-1 -1.731471e-1 -1.731471e-1
1.3965149e0 -7.758713e-1 2.015517e-1 2.015517e-1
1.4999619e0 -7.758713e-1 6.659186e-1 6.659186e-1

-1.5e0 -6.724243e-1 -1.3403052e0 -1.3403052e0
-1.396553e0 -6.724243e-1 -8.294086e-1 -8.294086e-1
-1.2931061e0 -6.724243e-1 -4.081825e-1 -4.081825e-1
-1.1896591e0 -6.724243e-1 -6.99829e-2 -6.99829e-2
-1.0862122e0 -6.724243e-1 1.91832e-1 1.91832e-1
-9.827652e-1 -6.724243e-1 3.839032e-1 3.839032e-1
-8.793182e-1 -6.724243e-1 5.128735e-1 5.128735e-1
-7.758713e-1 -6.724243e-1 5.853848e-1 5.853848e-1
-6.724243e-1 -6.724243e-1 6.0807921e-1 6.0807921e-1
-5.689774e-1 -6.724243e-1 5.8759882e-1 5.8759882e-1
-4.655304e-1 -6.724243e-1 5.3058572e-1 5.3058572e-1
-3.620834e-1 -6.724243e-1 4.436821e-1 4.436821e-1
-2.586365e-1 -6.724243e-1 3.3352994e-1 3.3352994e-1
-1.551895e-1 -6.724243e-1 2.0677132e-1 2.0677132e-1
-5.17426e-2 -6.724243e-1 7.0048407e-2 7.0048407e-2
5.17044e-2 -6.724243e-1 -6.99969e-2 -6.99969e-2
1.551514e-1 -6.724243e-1 -2.0672232e-1 -2.0672232e-1
2.585983e-1 -6.724243e-1 -3.3348584e-1 -3.3348584e-1
3.620453e-1 -6.724243e-1 -4.4364536e-1 -4.4364536e-1
4.654922e-1 -6.724243e-1 -5.305588e-1 -5.305588e-1
5.689392e-1 -6.724243e-1 -5.8758408e-1 -5.8758408e-1
6.723862e-1 -6.724243e-1 -6.0807918e-1 -6.0807918e-1
7.758331e-1 -6.724243e-1 -5.854019e-1 -5.854019e-1
8.792801e-1 -6.724243e-1 -5.129102e-1 -5.129102e-1
9.82727e-1 -6.724243e-1 -3.839621e-1 -3.839621e-1
1.086174e0 -6.724243e-1 -1.919148e-1 -1.919148e-1
1.189621e0 -6.724243e-1 6.98718e-2 6.98718e-2
1.293068e0 -6.724243e-1 4.080421e-1 4.080421e-1
1.3965149e0 -6.724243e-1 8.292368e-1 8.292368e-1
1.4999619e0 -6.724243e-1 1.3400995e0 1.3400995e0

-1.5e0 -5.689774e-1 -1.9181915e0 -1.9181915e0
-1.396553e0 -5.689774e-1 -1.3674411e0 -1.3674411e0
-1.2931061e0 -5.689774e-1 -9.063614e-1 -9.063614e-1
-1.1896591e0 -5.689774e-1 -5.283081e-1 -5.283081e-1
-1.0862122e0 -5.689774e-1 -2.266396e-1 -2.266396e-1
-9.827652e-1 -5.689774e-1 5.28542e-3 5.28542e-3
-8.793182e-1 -5.689774e-1 1.7410945e-1 1.7410945e-1
-7.758713e-1 -5.689774e-1 2.864745e-1 2.864745e-1
-6.724243e-1 -5.689774e-1 3.4902266e-1 3.4902266e-1
-5.689774e-1 -5.689774e-1 3.6839598e-1 3.6839598e-1
-4.655304e-1 -5.689774e-1 3.5123662e-1 3.5123662e-1
-3.620834e-1 -5.689774e-1 3.0418672e-1 3.0418672e-1
-2.586365e-1 -5.689774e-1 2.3388828e-1 2.3388828e-1
-1.551895e-1 -5.689774e-1 1.4698337e-1 1.4698337e-1
-5.17426e-2 -5.689774e-1 5.0114177e-2 5.0114177e-2
5.17044e-2 -5.689774e-1 -5.0077385e-2 -5.0077385e-2
1.551514e-1 -5.689774e-1 -1.4694908e-1 -1.4694908e-1
2.585983e-1 -5.689774e-1 -2.3385889e-1 -2.3385889e-1
3.620453e-1 -5.689774e-1 -3.0416467e-1 -3.0416467e-1
4.654922e-1 -5.689774e-1 -3.512244e-1 -3.512244e-1
5.689392e-1 -5.689774e-1 -3.6839594e-1 -3.6839594e-1
6.723862e-1 -5.689774e-1 -3.4903732e-1 -3.4903732e-1
7.758331e-1 -5.689774e-1 -2.8650623e-1 -2.8650623e-1
8.792801e-1 -5.689774e-1 -1.741608e-1 -1.741608e-1
9.82727e-1 -5.689774e-1 -5.359e-3 -5.359e-3
1.086174e0 -5.689774e-1 2.26542e-1 2.26542e-1
1.189621e0 -5.689774e-1 5.281824e-1 5.281824e-1
1.293068e0 -5.689774e-1 9.062064e-1 9.062064e-1
1.3965149e0 -5.689774e-1 1.3672546e0 1.3672546e0
1.4999619e0 -5.689774e-1 1.917971e0 1.917971e0

-1.5e0 -4.655304e-1 -2.3997664e0 -2.3997664e0
-1.396553e0 -4.655304e-1 -1.8158043e0 -1.8158043e0
-1.2931061e0 -4.655304e-1 -1.3215129e0 -1.3215129e0
-1.1896591e0 -4.655304e-1 -9.10248e-1 -9.10248e-1
-1.0862122e0 -4.655304e-1 -5.753677e-1 -5.753677e-1
-9.827652e-1 -4.655304e-1 -3.1023116e-1 -3.1023116e-1
-8.793182e-1 -4.655304e-1 -1.081955e-1 -1.081955e-1
-7.758713e-1 -4.655304e-1 3.738118e-2 3.738118e-2
-6.724243e-1 -4.655304e-1 1.3314096e-1 1.3314096e-1
-5.689774e-1 -4.655304e-1 1.8572592e-1 1.8572592e-1
-4.655304e-1 -4.655304e-1 2.0177818e-1 2.0177818e-1
-3.620834e-1 -4.655304e-1 1.879399e-1 1.879399e-1
-2.586365e-1 -4.655304e-1 1.5085309e-1 1.5085309e-1
-1.551895e-1 -4.655304e-1 9.71598e-2 9.71598e-2
-5.17426e-2 -4.655304e-1 3.3502223e-2 3.3502223e-2
5.17044e-2 -4.655304e-1 -3.3477696e-2 -3.3477696e-2
1.551514e-1 -4.655304e-1 -9.713777e-2 -9.713777e-2
2.585983e-1 -4.655304e-1 -1.5083594e-1 -1.5083594e-1
3.620453e-1 -4.655304e-1 -1.879301e-1 -1.879301e-1
4.654922e-1 -4.655304e-1 -2.017782e-1 -2.017782e-1
5.689392e-1 -4.655304e-1 -1.8573811e-1 -1.8573811e-1
6.723862e-1 -4.655304e-1 -1.3316788e-1 -1.3316788e-1
7.758331e-1 -4.655304e-1 -3.742516e-2 -3.742516e-2
8.792801e-1 -4.655304e-1 1.081319e-1 1.081319e-1
9.82727e-1 -4.655304e-1 3.1014534e-1 3.1014534e-1
1.086174e0 -4.655304e-1 5.75258e-1 5.75258e-1
1.189621e0 -4.655304e-1 9.1011e-1 9.1011e-1
1.293068e0 -4.655304e-1 1.3213457e0 1.3213457e0
1.3965149e0 -4.655304e-1 1.8156056e0 1.8156056e0
1.4999619e0 -4.655304e-1 2.3995337e0 2.3995337e0

-1.5e0 -3.620834e-1 -2.78503e0 -2.78503e0
-1.396553e0 -3.620834e-1 -2.1744984e0 -2.1744984e0
-1.2931061e0 -3.620834e-1 -1.6536375e0 -1.6536375e0
-1.1896591e0 -3.620834e-1 -1.215803e0 -1.215803e0
-1.0862122e0 -3.620834e-1 -8.543532e-1 -8.543532e-1
-9.827652e-1 -3.620834e-1 -5.6264703e-1 -5.6264703e-1
-8.793182e-1 -3.620834e-1 -3.3404178e-1 -3.3404178e-1
-7.758713e-1 -3.620834e-1 -1.6189554e-1 -1.6189554e-1
-6.724243e-1 -3.620834e-1 -3.956618e-2 -3.956618e-2
-5.689774e-1 -3.620834e-1 3.958835e-2 3.958835e-2
-4.655304e-1 -3.620834e-1 8.221019e-2 8.221019e-2
-3.620834e-1 -3.620834e-1 9.494148e-2 9.494148e-2
-2.586365e-1 -3.620834e-1 8.442424e-2 8.442424e-2
-1.551895e-1 -3.620834e-1 5.7300548e-2 5.7300548e-2
-5.17426e-2 -3.620834e-1 2.0212523e-2 2.0212523e-2
5.17044e-2 -3.620834e-1 -2.0197806e-2 -2.0197806e-2
1.551514e-1 -3.620834e-1 -5.72883e-2 -5.72883e-2
2.585983e-1 -3.620834e-1 -8.44169e-2 -8.44169e-2
3.620453e-1 -3.620834e-1 -9.494148e-2 -9.494148e-2
4.654922e-1 -3.620834e-1 -8.222e-2 -8.222e-2
5.689392e-1 -3.620834e-1 -3.961035e-2 -3.961035e-2
6.723862e-1 -3.620834e-1 3.952948e-2 3.952948e-2
7.758331e-1 -3.620834e-1 1.6184177e-1 1.6184177e-1
8.792801e-1 -3.620834e-1 3.339684e-1 3.339684e-1
9.82727e-1 -3.620834e-1 5.625514e-1 5.625514e-1
1.086174e0 -3.620834e-1 8.542337e-1 8.542337e-1
1.189621e0 -3.620834e-1 1.2156552e0 1.2156552e0
1.293068e0 -3.620834e-1 1.6534604e0 1.6534604e0
1.3965149e0 -3.620834e-1 2.17429e0 2.17429e0
1.4999619e0 -3.620834e-1 2.7847876e0 2.7847876e0

-1.5e0 -2.586365e-1 -3.0739824e0 -3.0739824e0
-1.396553e0 -2.586365e-1 -2.4435233e0 -2.4435233e0
-1.2931061e0 -2.586365e-1 -1.9027348e0 -1.9027348e0
-1.1896591e0 -2.586365e-1 -1.4449728e0 -1.4449728e0
-1.0862122e0 -2.586365e-1 -1.0635956e0 -1.0635956e0
-9.827652e-1 -2.586365e-1 -7.5196182e-1 -7.5196182e-1
-8.793182e-1 -2.586365e-1 -5.034291e-1 -5.034291e-1
-7.758713e-1 -2.586365e-1 -3.1135536e-1 -3.1135536e-1
-6.724243e-1 -2.586365e-1 -1.6909851e-1 -1.6909851e-1
-5.689774e-1 -2.586365e-1 -7.00165e-2 -7.00165e-2
-4.655304e-1 -2.586365e-1 -7.46718e-3 -7.46718e-3
-3.620834e-1 -2.586365e-1 2.5191606e-2 2.5191606e-2
-2.586365e-1 -2.586365e-1 3.4601848e-2 3.4601848e-2
-1.551895e-1 -2.586365e-1 2.7405643e-2 2.7405643e-2
-5.17426e-2 -2.586365e-1 1.0245096e-2 1.0245096e-2
5.17044e-2 -2.586365e-1 -1.0237738e-2 -1.0237738e-2
1.551514e-1 -2.586365e-1 -2.7400745e-2 -2.7400745e-2
2.585983e-1 -2.586365e-1 -3.4601846e-2 -3.4601846e-2
3.620453e-1 -2.586365e-1 -2.519895e-2 -2.519895e-2
4.654922e-1 -2.586365e-1 7.45001e-3 7.45001e-3
5.689392e-1 -2.586365e-1 6.998715e-2 6.998715e-2
6.723862e-1 -2.586365e-1 1.6905446e-1 1.6905446e-1
7.758331e-1 -2.586365e-1 3.1129424e-1 3.1129424e-1
8.792801e-1 -2.586365e-1 5.0334836e-1 5.0334836e-1
9.82727e-1 -2.586365e-1 7.5185886e-1 7.5185886e-1
1.086174e0 -2.586365e-1 1.0634686e0 1.0634686e0
1.189621e0 -2.586365e-1 1.4448177e0 1.4448177e0
1.293068e0 -2.586365e-1 1.9025504e0 1.9025504e0
1.3965149e0 -2.586365e-1 2.4433073e0 2.4433073e0
1.4999619e0 -2.586365e-1 3.0737325e0 3.0737325e0

-1.5e0 -1.551895e-1 -3.2666231e0 -3.2666231e0
-1.396553e0 -1.551895e-1 -2.6228786e0 -2.6228786e0
-1.2931061e0 -1.551895e-1 -2.0688046e0 -2.0688046e0
-1.1896591e0 -1.551895e-1 -1.5977573e0 -1.5977573e0
-1.0862122e0 -1.551895e-1 -1.2030946e0 -1.2030946e0
-9.827652e-1 -1.551895e-1 -8.7817552e-1 -8.7817552e-1
-8.793182e-1 -1.551895e-1 -6.1635739e-1 -6.1635739e-1
-7.758713e-1 -1.551895e-1 -4.1099828e-1 -4.1099828e-1
-6.724243e-1 -1.551895e-1 -2.5545604e-1 -2.5545604e-1
-5.689774e-1 -1.551895e-1 -1.4308862e-1 -1.4308862e-1
-4.655304e-1 -1.551895e-1 -6.72539e-2 -6.72539e-2
-3.620834e-1 -1.551895e-1 -2.1309721e-2 -2.1309721e-2
-2.586365e-1 -1.551895e-1 1.385913e-3 1.385913e-3
-1.551895e-1 -1.551895e-1 7.475102e-3 7.475102e-3
-5.17426e-2 -1.551895e-1 3.5999431e-3 3.5999431e-3
5.17044e-2 -1.551895e-1 -3.5974898e-3 -3.5974898e-3
1.551514e-1 -1.551895e-1 -7.475102e-3 -7.475102e-3
2.585983e-1 -1.551895e-1 -1.390811e-3 -1.390811e-3
3.620453e-1 -1.551895e-1 2.129748e-2 2.129748e-2
4.654922e-1 -1.551895e-1 6.723183e-2 6.723183e-2
5.689392e-1 -1.551895e-1 1.4305437e-1 1.4305437e-1
6.723862e-1 -1.551895e-1 2.5540707e-1 2.5540707e-1
7.758331e-1 -1.551895e-1 4.1093225e-1 4.1093225e-1
8.792801e-1 -1.551895e-1 6.1627176e-1 6.1627176e-1
9.82727e-1 -1.551895e-1 8.7806766e-1 8.7806766e-1
1.086174e0 -1.551895e-1 1.2029628e0 1.2029628e0
1.189621e0 -1.551895e-1 1.5975972e0 1.5975972e0
1.293068e0 -1.551895e-1 2.0686153e0 2.0686153e0
1.3965149e0 -1.551895e-1 2.6226578e0 2.6226578e0
1.4999619e0 -1.551895e-1 3.2663683e0 3.2663683e0

-1.5e0 -5.17426e-2 -3.3629523e0 -3.3629523e0
-1.396553e0 -5.17426e-2 -2.7125644e0 -2.7125644e0
-1.2931061e0 -5.17426e-2 -2.1518472e0 -2.1518472e0
-1.1896591e0 -5.17426e-2 -1.6741565e0 -1.6741565e0
-1.0862122e0 -5.17426e-2 -1.2728506e0 -1.2728506e0
-9.827652e-1 -5.17426e-2 -9.412882e-1 -9.412882e-1
-8.793182e-1 -5.17426e-2 -6.7282675e-1 -6.7282675e-1
-7.758713e-1 -5.17426e-2 -4.6082431e-1 -4.6082431e-1
-6.724243e-1 -5.17426e-2 -2.9863876e-1 -2.9863876e-1
-5.689774e-1 -5.17426e-2 -1.7962804e-1 -1.7962804e-1
-4.655304e-1 -5.17426e-2 -9.715002e-2 -9.715002e-2
-3.620834e-1 -5.17426e-2 -4.4562527e-2 -4.4562527e-2
-2.586365e-1 -5.17426e-2 -1.5223584e-2 -1.5223584e-2
-1.551895e-1 -5.17426e-2 -2.491086e-3 -2.491086e-3
-5.17426e-2 -5.17426e-2 2.770606e-4 2.770606e-4
5.17044e-2 -5.17426e-2 -2.770603e-4 -2.770603e-4
1.551514e-1 -5.17426e-2 2.4886365e-3 2.4886365e-3
2.585983e-1 -5.17426e-2 1.5216237e-2 1.5216237e-2
3.620453e-1 -5.17426e-2 4.4547835e-2 4.4547835e-2
4.654922e-1 -5.17426e-2 9.71255e-2 9.71255e-2
5.689392e-1 -5.17426e-2 1.7959134e-1 1.7959134e-1
6.723862e-1 -5.17426e-2 2.9858736e-1 2.9858736e-1
7.758331e-1 -5.17426e-2 4.6075584e-1 4.6075584e-1
8.792801e-1 -5.17426e-2 6.7273866e-1 6.7273866e-1
9.82727e-1 -5.17426e-2 9.4117787e-1 9.4117787e-1
1.086174e0 -5.17426e-2 1.2727164e0 1.2727164e0
1.189621e0 -5.17426e-2 1.673994e0 1.673994e0
1.293068e0 -5.17426e-2 2.1516554e0 2.1516554e0
1.3965149e0 -5.17426e-2 2.7123412e0 2.7123412e0
1.4999619e0 -5.17426e-2 3.362695e0 3.362695e0

-1.5e0 5.17044e-2 -3.36297e0 -3.36297e0
-1.396553e0 5.17044e-2 -2.7125809e0 -2.7125809e0
-1.2931061e0 5.17044e-2 -2.1518626e0 -2.1518626e0
-1.1896591e0 5.17044e-2 -1.6741707e0 -1.6741707e0
-1.0862122e0 5.17044e-2 -1.2728635e0 -1.2728635e0
-9.827652e-1 5.17044e-2 -9.4129984e-1 -9.4129984e-1
-8.793182e-1 5.17044e-2 -6.7283717e-1 -6.7283717e-1
-7.758713e-1 5.17044e-2 -4.6083351e-1 -4.6083351e-1
-6.724243e-1 5.17044e-2 -2.9864673e-1 -2.9864673e-1
-5.689774e-1 5.17044e-2 -1.7963478e-1 -1.7963478e-1
-4.655304e-1 5.17044e-2 -9.715553e-2 -9.715553e-2
-3.620834e-1 5.17044e-2 -4.456682e-2 -4.456682e-2
-2.586365e-1 5.17044e-2 -1.522665e-2 -1.522665e-2
-1.551895e-1 5.17044e-2 -2.4929253e-3 -2.4929253e-3
-5.17426e-2 5.17044e-2 2.7644737e-4 2.7644737e-4
5.17044e-2 5.17044e-2 -2.7644753e-4 -2.7644753e-4
1.551514e-1 5.17044e-2 2.4904753e-3 2.4904753e-3
2.585983e-1 5.17044e-2 1.5219302e-2 1.5219302e-2
3.620453e-1 5.17044e-2 4.4552126e-2 4.4552126e-2
4.654922e-1 5.17044e-2 9.713101e-2 9.713101e-2
5.689392e-1 5.17044e-2 1.7959808e-1 1.7959808e-1
6.723862e-1 5.17044e-2 2.9859534e-1 2.9859534e-1
7.758331e-1 5.17044e-2 4.6076505e-1 4.6076505e-1
8.792801e-1 5.17044e-2 6.7274908e-1 6.7274908e-1
9.82727e-1 5.17044e-2 9.4118951e-1 9.4118951e-1
1.086174e0 5.17044e-2 1.2727292e0 1.2727292e0
1.189621e0 5.17044e-2 1.6740082e0 1.6740082e0
1.293068e0 5.17044e-2 2.1516708e0 2.1516708e0
1.3965149e0 5.17044e-2 2.7123578e0 2.7123578e0
1.4999619e0 5.17044e-2 3.3627127e0 3.3627127e0

-1.5e0 1.551514e-1 -3.2666763e0 -3.2666763e0
-1.396553e0 1.551514e-1 -2.6229282e0 -2.6229282e0
-1.2931061e0 1.551514e-1 -2.0688506e0 -2.0688506e0
-1.1896591e0 1.551514e-1 -1.5977995e0 -1.5977995e0
-1.0862122e0 1.551514e-1 -1.2031332e0 -1.2031332e0
-9.827652e-1 1.551514e-1 -8.7821043e-1 -8.7821043e-1
-8.793182e-1 1.551514e-1 -6.1638864e-1 -6.1638864e-1
-7.758713e-1 1.551514e-1 -4.1102583e-1 -4.1102583e-1
-6.724243e-1 1.551514e-1 -2.5547992e-1 -2.5547992e-1
-5.689774e-1 1.551514e-1 -1.4310883e-1 -1.4310883e-1
-4.655304e-1 1.551514e-1 -6.727045e-2 -6.727045e-2
-3.620834e-1 1.551514e-1 -2.1322585e-2 -2.1322585e-2
-2.586365e-1 1.551514e-1 1.376726e-3 1.376726e-3
-1.551895e-1 1.551514e-1 7.46959e-3 7.46959e-3
-5.17426e-2 1.551514e-1 3.598105e-3 3.598105e-3
5.17044e-2 1.551514e-1 -3.595653e-3 -3.595653e-3
1.551514e-1 1.551514e-1 -7.46959e-3 -7.46959e-3
2.585983e-1 1.551514e-1 -1.381625e-3 -1.381625e-3
3.620453e-1 1.551514e-1 2.131034e-2 2.131034e-2
4.654922e-1 1.551514e-1 6.724837e-2 6.724837e-2
5.689392e-1 1.551514e-1 1.4307458e-1 1.4307458e-1
6.723862e-1 1.551514e-1 2.5543097e-1 2.5543097e-1
7.758331e-1 1.551514e-1 4.1095981e-1 4.1095981e-1
8.792801e-1 1.551514e-1 6.16303e-1 6.16303e-1
9.82727e-1 1.551514e-1 8.7810257e-1 8.7810257e-1
1.086174e0 1.551514e-1 1.2030014e0 1.2030014e0
1.189621e0 1.551514e-1 1.5976395e0 1.5976395e0
1.293068e0 1.551514e-1 2.0686612e0 2.0686612e0
1.3965149e0 1.551514e-1 2.6227074e0 2.6227074e0
1.4999619e0 1.551514e-1 3.2664215e0 3.2664215e0

-1.5e0 2.585983e-1 -3.0740712e0 -3.0740712e0
-1.396553e0 2.585983e-1 -2.443606e0 -2.443606e0
-1.2931061e0 2.585983e-1 -1.9028113e0 -1.9028113e0
-1.1896591e0 2.585983e-1 -1.4450432e0 -1.4450432e0
-1.0862122e0 2.585983e-1 -1.0636598e0 -1.0636598e0
-9.827652e-1 2.585983e-1 -7.5201999e-1 -7.5201999e-1
-8.793182e-1 2.585983e-1 -5.0348114e-1 -5.0348114e-1
-7.758713e-1 2.585983e-1 -3.1140128e-1 -3.1140128e-1
-6.724243e-1 2.585983e-1 -1.6913832e-1 -1.6913832e-1
-5.689774e-1 2.585983e-1 -7.005017e-2 -7.005017e-2
-4.655304e-1 2.585983e-1 -7.49474e-3 -7.49474e-3
-3.620834e-1 2.585983e-1 2.5170175e-2 2.5170175e-2
-2.586365e-1 2.585983e-1 3.458654e-2 3.458654e-2
-1.551895e-1 2.585983e-1 2.7396458e-2 2.7396458e-2
-5.17426e-2 2.585983e-1 1.0242033e-2 1.0242033e-2
5.17044e-2 2.585983e-1 -1.0234677e-2 -1.0234677e-2
1.551514e-1 2.585983e-1 -2.739156e-2 -2.739156e-2
2.585983e-1 2.585983e-1 -3.458654e-2 -3.458654e-2
3.620453e-1 2.585983e-1 -2.5177522e-2 -2.5177522e-2
4.654922e-1 2.585983e-1 7.47755e-3 7.47755e-3
5.689392e-1 2.585983e-1 7.002083e-2 7.002083e-2
6.723862e-1 2.585983e-1 1.6909425e-1 1.6909425e-1
7.758331e-1 2.585983e-1 3.1134016e-1 3.1134016e-1
8.792801e-1 2.585983e-1 5.0340039e-1 5.0340039e-1
9.82727e-1 2.585983e-1 7.5191702e-1 7.5191702e-1
1.086174e0 2.585983e-1 1.0635329e0 1.0635329e0
1.189621e0 2.585983e-1 1.444888e0 1.444888e0
1.293068e0 2.585983e-1 1.902627e0 1.902627e0
1.3965149e0 2.585983e-1 2.44339e0 2.44339e0
1.4999619e0 2.585983e-1 3.0738213e0 3.0738213e0

-1.5e0 3.620453e-1 -2.7851544e0 -2.7851544e0
-1.396553e0 3.620453e-1 -2.1746143e0 -2.1746143e0
-1.2931061e0 3.620453e-1 -1.6537447e0 -1.6537447e0
-1.1896591e0 3.620453e-1 -1.2159016e0 -1.2159016e0
-1.0862122e0 3.620453e-1 -8.544432e-1 -8.544432e-1
-9.827652e-1 3.620453e-1 -5.6272845e-1 -5.6272845e-1
-8.793182e-1 3.620453e-1 -3.3411464e-1 -3.3411464e-1
-7.758713e-1 3.620453e-1 -1.6195982e-1 -1.6195982e-1
-6.724243e-1 3.620453e-1 -3.96219e-2 -3.96219e-2
-5.689774e-1 3.620453e-1 3.954121e-2 3.954121e-2
-4.655304e-1 3.620453e-1 8.217162e-2 8.217162e-2
-3.620834e-1 3.620453e-1 9.491148e-2 9.491148e-2
-2.586365e-1 3.620453e-1 8.440282e-2 8.440282e-2
-1.551895e-1 3.620453e-1 5.7287689e-2 5.7287689e-2
-5.17426e-2 3.620453e-1 2.0208237e-2 2.0208237e-2
5.17044e-2 3.620453e-1 -2.0193523e-2 -2.0193523e-2
1.551514e-1 3.620453e-1 -5.7275444e-2 -5.7275444e-2
2.585983e-1 3.620453e-1 -8.439548e-2 -8.439548e-2
3.620453e-1 3.620453e-1 -9.491148e-2 -9.491148e-2
4.654922e-1 3.620453e-1 -8.218144e-2 -8.218144e-2
5.689392e-1 3.620453e-1 -3.956322e-2 -3.956322e-2
6.723862e-1 3.620453e-1 3.958519e-2 3.958519e-2
7.758331e-1 3.620453e-1 1.6190605e-1 1.6190605e-1
8.792801e-1 3.620453e-1 3.3404124e-1 3.3404124e-1
9.82727e-1 3.620453e-1 5.6263283e-1 5.6263283e-1
1.086174e0 3.620453e-1 8.543237e-1 8.543237e-1
1.189621e0 3.620453e-1 1.2157538e0 1.2157538e0
1.293068e0 3.620453e-1 1.6535675e0 1.6535675e0
1.3965149e0 3.620453e-1 2.1744057e0 2.1744057e0
1.4999619e0 3.620453e-1 2.7849118e0 2.7849118e0

-1.5e0 4.654922e-1 -2.3999263e0 -2.3999263e0
-1.396553e0 4.654922e-1 -1.8159532e0 -1.8159532e0
-1.2931061e0 4.654922e-1 -1.3216508e0 -1.3216508e0
-1.1896591e0 4.654922e-1 -9.103749e-1 -9.103749e-1
-1.0862122e0 4.654922e-1 -5.754837e-1 -5.754837e-1
-9.827652e-1 4.654922e-1 -3.1033598e-1 -3.1033598e-1
-8.793182e-1 4.654922e-1 -1.0828928e-1 -1.0828928e-1
-7.758713e-1 4.654922e-1 3.729843e-2 3.729843e-2
-6.724243e-1 4.654922e-1 1.3306924e-1 1.3306924e-1
-5.689774e-1 4.654922e-1 1.8566524e-1 1.8566524e-1
-4.655304e-1 4.654922e-1 2.0172853e-1 2.0172853e-1
-3.620834e-1 4.654922e-1 1.8790128e-1 1.8790128e-1
-2.586365e-1 4.654922e-1 1.508255e-1 1.508255e-1
-1.551895e-1 4.654922e-1 9.714326e-2 9.714326e-2
-5.17426e-2 4.654922e-1 3.3496704e-2 3.3496704e-2
5.17044e-2 4.654922e-1 -3.347218e-2 -3.347218e-2
1.551514e-1 4.654922e-1 -9.712122e-2 -9.712122e-2
2.585983e-1 4.654922e-1 -1.5080836e-1 -1.5080836e-1
3.620453e-1 4.654922e-1 -1.8789148e-1 -1.8789148e-1
4.654922e-1 4.654922e-1 -2.0172855e-1 -2.0172855e-1
5.689392e-1 4.654922e-1 -1.8567743e-1 -1.8567743e-1
6.723862e-1 4.654922e-1 -1.3309616e-1 -1.3309616e-1
7.758331e-1 4.654922e-1 -3.73424e-2 -3.73424e-2
8.792801e-1 4.654922e-1 1.0822568e-1 1.0822568e-1
9.82727e-1 4.654922e-1 3.1025015e-1 3.1025015e-1
1.086174e0 4.654922e-1 5.753738e-1 5.753738e-1
1.189621e0 4.654922e-1 9.102368e-1 9.102368e-1
1.293068e0 4.654922e-1 1.3214836e0 1.3214836e0
1.3965149e0 4.654922e-1 1.8157545e0 1.8157545e0
1.4999619e0 4.654922e-1 2.3996936e0 2.3996936e0

-1.5e0 5.689392e-1 -1.9183865e0 -1.9183865e0
-1.396553e0 5.689392e-1 -1.3676227e0 -1.3676227e0
-1.2931061e0 5.689392e-1 -9.065295e-1 -9.065295e-1
-1.1896591e0 5.689392e-1 -5.284628e-1 -5.284628e-1
-1.0862122e0 5.689392e-1 -2.267807e-1 -2.267807e-1
-9.827652e-1 5.689392e-1 5.15765e-3 5.15765e-3
-8.793182e-1 5.689392e-1 1.7399515e-1 1.7399515e-1
-7.758713e-1 5.689392e-1 2.8637364e-1 2.8637364e-1
-6.724243e-1 5.689392e-1 3.4893524e-1 3.4893524e-1
-5.689774e-1 5.689392e-1 3.6832202e-1 3.6832202e-1
-4.655304e-1 5.689392e-1 3.511761e-1 3.511761e-1
-3.620834e-1 5.689392e-1 3.0413965e-1 3.0413965e-1
-2.586365e-1 5.689392e-1 2.3385464e-1 2.3385464e-1
-1.551895e-1 5.689392e-1 1.469632e-1 1.469632e-1
-5.17426e-2 5.689392e-1 5.010745e-2 5.010745e-2
5.17044e-2 5.689392e-1 -5.0070663e-2 -5.0070663e-2
1.551514e-1 5.689392e-1 -1.4692892e-1 -1.4692892e-1
2.585983e-1 5.689392e-1 -2.3382527e-1 -2.3382527e-1
3.620453e-1 5.689392e-1 -3.041176e-1 -3.041176e-1
4.654922e-1 5.689392e-1 -3.5116388e-1 -3.5116388e-1
5.689392e-1 5.689392e-1 -3.6832198e-1 -3.6832198e-1
6.723862e-1 5.689392e-1 -3.489499e-1 -3.489499e-1
7.758331e-1 5.689392e-1 -2.8640536e-1 -2.8640536e-1
8.792801e-1 5.689392e-1 -1.740465e-1 -1.740465e-1
9.82727e-1 5.689392e-1 -5.23123e-3 -5.23123e-3
1.086174e0 5.689392e-1 2.266832e-1 2.266832e-1
1.189621e0 5.689392e-1 5.28337e-1 5.28337e-1
1.293068e0 5.689392e-1 9.063745e-1 9.063745e-1
1.3965149e0 5.689392e-1 1.3674362e0 1.3674362e0
1.4999619e0 5.689392e-1 1.918166e0 1.918166e0

-1.5e0 6.723862e-1 -1.3405359e0 -1.3405359e0
-1.396553e0 6.723862e-1 -8.296234e-1 -8.296234e-1
-1.2931061e0 6.723862e-1 -4.083813e-1 -4.083813e-1
-1.1896591e0 6.723862e-1 -7.01659e-2 -7.01659e-2
-1.0862122e0 6.723862e-1 1.916649e-1 1.916649e-1
-9.827652e-1 6.723862e-1 3.837521e-1 3.837521e-1
-8.793182e-1 6.723862e-1 5.127383e-1 5.127383e-1
-7.758713e-1 6.723862e-1 5.852655e-1 5.852655e-1
-6.724243e-1 6.723862e-1 6.0797578e-1 6.0797578e-1
-5.689774e-1 6.723862e-1 5.875113e-1 5.875113e-1
-4.655304e-1 6.723862e-1 5.3051413e-1 5.3051413e-1
-3.620834e-1 6.723862e-1 4.436264e-1 4.436264e-1
-2.586365e-1 6.723862e-1 3.3349014e-1 3.3349014e-1
-1.551895e-1 6.723862e-1 2.0674744e-1 2.0674744e-1
-5.17426e-2 6.723862e-1 7.0040448e-2 7.0040448e-2
5.17044e-2 6.723862e-1 -6.9988947e-2 -6.9988947e-2
1.551514e-1 6.723862e-1 -2.0669846e-1 -2.0669846e-1
2.585983e-1 6.723862e-1 -3.3344608e-1 -3.3344608e-1
3.620453e-1 6.723862e-1 -4.4358968e-1 -4.4358968e-1
4.654922e-1 6.723862e-1 -5.3048721e-1 -5.3048721e-1
5.689392e-1 6.723862e-1 -5.8749657e-1 -5.8749657e-1
6.723862e-1 6.723862e-1 -6.0797575e-1 -6.0797575e-1
7.758331e-1 6.723862e-1 -5.852826e-1 -5.852826e-1
8.792801e-1 6.723862e-1 -5.12775e-1 -5.12775e-1
9.82727e-1 6.723862e-1 -3.83811e-1 -3.83811e-1
1.086174e0 6.723862e-1 -1.917477e-1 -1.917477e-1
1.189621e0 6.723862e-1 7.00548e-2 7.00548e-2
1.293068e0 6.723862e-1 4.08241e-1 4.08241e-1
1.3965149e0 6.723862e-1 8.294516e-1 8.294516e-1
1.4999619e0 6.723862e-1 1.3403302e0 1.3403302e0

-1.5e0 7.758331e-1 -6.66373e-1 -6.66373e-1
-1.396553e0 7.758331e-1 -2.019537e-1 -2.019537e-1
-1.2931061e0 7.758331e-1 1.727948e-1 1.727948e-1
-1.1896591e0 7.758331e-1 4.645169e-1 4.645169e-1
-1.0862122e0 7.758331e-1 6.798541e-1 6.798541e-1
-9.827652e-1 7.758331e-1 8.25448e-1 8.25448e-1
-8.793182e-1 7.758331e-1 9.079408e-1 9.079408e-1
-7.758713e-1 7.758331e-1 9.339746e-1 9.339746e-1
-6.724243e-1 7.758331e-1 9.101917e-1 9.101917e-1
-5.689774e-1 7.758331e-1 8.432336e-1 8.432336e-1
-4.655304e-1 7.758331e-1 7.3974303e-1 7.3974303e-1
-3.620834e-1 7.758331e-1 6.0636191e-1 6.0636191e-1
-2.586365e-1 7.758331e-1 4.4973224e-1 4.4973224e-1
-1.551895e-1 7.758331e-1 2.7649612e-1 2.7649612e-1
-5.17426e-2 7.758331e-1 9.3295747e-2 9.3295747e-2
5.17044e-2 7.758331e-1 -9.3227078e-2 -9.3227078e-2
1.551514e-1 7.758331e-1 -2.7643001e-1 -2.7643001e-1
2.585983e-1 7.758331e-1 -4.4967102e-1 -4.4967102e-1
3.620453e-1 7.758331e-1 -6.0630803e-1 -6.0630803e-1
4.654922e-1 7.758331e-1 -7.3969897e-1 -7.3969897e-1
5.689392e-1 7.758331e-1 -8.432018e-1 -8.432018e-1
6.723862e-1 7.758331e-1 -9.101744e-1 -9.101744e-1
7.758331e-1 7.758331e-1 -9.339746e-1 -9.339746e-1
8.792801e-1 7.758331e-1 -9.079604e-1 -9.079604e-1
9.82727e-1 7.758331e-1 -8.254898e-1 -8.254898e-1
1.086174e0 7.758331e-1 -6.799199e-1 -6.799199e-1
1.189621e0 7.758331e-1 -4.646107e-1 -4.646107e-1
1.293068e0 7.758331e-1 -1.72918e-1 -1.72918e-1
1.3965149e0 7.758331e-1 2.017992e-1 2.017992e-1
1.4999619e0 7.758331e-1 6.661844e-1 6.661844e-1

-1.5e0 8.792801e-1 1.04101e-1 1.04101e-1
-1.396553e0 8.792801e-1 5.153847e-1 5.153847e-1
-1.2931061e0 8.792801e-1 8.369978e-1 8.369978e-1
-1.1896591e0 8.792801e-1 1.0755844e0 1.0755844e0
-1.0862122e0 8.792801e-1 1.2377863e0 1.2377863e0
-9.827652e-1 8.792801e-1 1.3302448e0 1.3302448e0
-8.793182e-1 8.792801e-1 1.359602e0 1.359602e0
-7.758713e-1 8.792801e-1 1.3325003e0 1.3325003e0
-6.724243e-1 8.792801e-1 1.255582e0 1.255582e0
-5.689774e-1 8.792801e-1 1.1354884e0 1.1354884e0
-4.655304e-1 8.792801e-1 9.788625e-1 9.788625e-1
-3.620834e-1 8.792801e-1 7.9234581e-1 7.9234581e-1
-2.586365e-1 8.792801e-1 5.8258069e-1 5.8258069e-1
-1.551895e-1 8.792801e-1 3.562091e-1 3.562091e-1
-5.17426e-2 8.792801e-1 1.198733e-1 1.198733e-1
5.17044e-2 8.792801e-1 -1.1978502e-1 -1.1978502e-1
1.551514e-1 8.792801e-1 -3.561234e-1 -3.561234e-1
2.585983e-1 8.792801e-1 -5.8249986e-1 -5.8249986e-1
3.620453e-1 8.792801e-1 -7.9227232e-1 -7.9227232e-1
4.654922e-1 8.792801e-1 -9.787988e-1 -9.787988e-1
5.689392e-1 8.792801e-1 -1.135437e0 -1.135437e0
6.723862e-1 8.792801e-1 -1.255545e0 -1.255545e0
7.758331e-1 8.792801e-1 -1.3324808e0 -1.3324808e0
8.792801e-1 8.792801e-1 -1.3596019e0 -1.3596019e0
9.82727e-1 8.792801e-1 -1.3302669e0 -1.3302669e0
1.086174e0 8.792801e-1 -1.2378325e0 -1.2378325e0
1.189621e0 8.792801e-1 -1.0756587e0 -1.0756587e0
1.293068e0 8.792801e-1 -8.371014e-1 -8.371014e-1
1.3965149e0 8.792801e-1 -5.155197e-1 -5.155197e-1
1.4999619e0 8.792801e-1 -1.0427e-1 -1.0427e-1

-1.5e0 9.82727e-1 9.70886e-1 9.70886e-1
-1.396553e0 9.82727e-1 1.3223921e0 1.3223921e0
-1.2931061e0 9.82727e-1 1.5842276e0 1.5842276e0
-1.1896591e0 9.82727e-1 1.7630368e0 1.7630368e0
-1.0862122e0 9.82727e-1 1.8654611e0 1.8654611e0
-9.827652e-1 9.82727e-1 1.8981421e0 1.8981421e0
-8.793182e-1 9.82727e-1 1.8677219e0 1.8677219e0
-7.758713e-1 9.82727e-1 1.7808427e0 1.7808427e0
-6.724243e-1 9.82727e-1 1.6441467e0 1.6441467e0
-5.689774e-1 9.82727e-1 1.4642758e0 1.4642758e0
-4.655304e-1 9.82727e-1 1.2478723e0 1.2478723e0
-3.620834e-1 9.82727e-1 1.001578e0 1.001578e0
-2.586365e-1 9.82727e-1 7.3203548e-1 7.3203548e-1
-1.551895e-1 9.82727e-1 4.458864e-1 4.458864e-1
-5.17426e-2 9.82727e-1 1.4977312e-1 1.4977312e-1
5.17044e-2 9.82727e-1 -1.4966275e-1 -1.4966275e-1
1.551514e-1 9.82727e-1 -4.4577863e-1 -4.4577863e-1
2.585983e-1 9.82727e-1 -7.3193262e-1 -7.3193262e-1
3.620453e-1 9.82727e-1 -1.0014827e0 -1.0014827e0
4.654922e-1 9.82727e-1 -1.2477866e0 -1.2477866e0
5.689392e-1 9.82727e-1 -1.4642023e0 -1.4642023e0
6.723862e-1 9.82727e-1 -1.6440878e0 -1.6440878e0
7.758331e-1 9.82727e-1 -1.780801e0 -1.780801e0
8.792801e-1 9.82727e-1 -1.8676997e0 -1.8676997e0
9.82727e-1 9.82727e-1 -1.8981421e0 -1.8981421e0
1.086174e0 9.82727e-1 -1.8654852e0 -1.8654852e0
1.189621e0 9.82727e-1 -1.763089e0 -1.763089e0
1.293068e0 9.82727e-1 -1.5843092e0 -1.5843092e0
1.3965149e0 9.82727e-1 -1.3225052e0 -1.3225052e0
1.4999619e0 9.82727e-1 -9.710329e-1 -9.710329e-1

-1.5e0 1.086174e0 1.9339851e0 1.9339851e0
-1.396553e0 1.086174e0 2.2190715e0 2.2190715e0
-1.2931061e0 1.086174e0 2.4144873e0 2.4144873e0
-1.1896591e0 1.086174e0 2.5268767e0 2.5268767e0
-1.0862122e0 1.086174e0 2.5628812e0 2.5628812e0
-9.827652e-1 1.086174e0 2.5291423e0 2.5291423e0
-8.793182e-1 1.086174e0 2.4323024e0 2.4323024e0
-7.758713e-1 1.086174e0 2.2790033e0 2.2790033e0
-6.724243e-1 1.086174e0 2.0758876e0 2.0758876e0
-5.689774e-1 1.086174e0 1.8295969e0 1.8295969e0
-4.655304e-1 1.086174e0 1.5467735e0 1.5467735e0
-3.620834e-1 1.086174e0 1.2340596e0 1.2340596e0
-2.586365e-1 1.086174e0 8.9809721e-1 8.9809721e-1
-1.551895e-1 1.086174e0 5.4552832e-1 5.4552832e-1
-5.17426e-2 1.086174e0 1.8299529e-1 1.8299529e-1
5.17044e-2 1.086174e0 -1.828604e-1 -1.828604e-1
1.551514e-1 1.086174e0 -5.4539607e-1 -5.4539607e-1
2.585983e-1 1.086174e0 -8.9796985e-1 -8.9796985e-1
3.620453e-1 1.086174e0 -1.2339397e0 -1.2339397e0
4.654922e-1 1.086174e0 -1.5466634e0 -1.5466634e0
5.689392e-1 1.086174e0 -1.8294989e0 -1.8294989e0
6.723862e-1 1.086174e0 -2.0758041e0 -2.0758041e0
7.758331e-1 1.086174e0 -2.278937e0 -2.278937e0
8.792801e-1 1.086174e0 -2.4322557e0 -2.4322557e0
9.82727e-1 1.086174e0 -2.5291179e0 -2.5291179e0
1.086174e0 1.086174e0 -2.5628807e0 -2.5628807e0
1.189621e0 1.086174e0 -2.5269044e0 -2.5269044e0
1.293068e0 1.086174e0 -2.4145444e0 -2.4145444e0
1.3965149e0 1.086174e0 -2.21916e0 -2.21916e0
1.4999619e0 1.086174e0 -1.9341077e0 -1.9341077e0

-1.5e0 1.189621e0 2.9933899e0 2.9933899e0
-1.396553e0 1.189621e0 3.2054149e0 3.2054149e0
-1.2931061e0 1.189621e0 3.3277692e0 3.3277692e0
-1.1896591e0 1.189621e0 3.367097e0 3.367097e0
-1.0862122e0 1.189621e0 3.3300401e0 3.3300401e0
-9.827652e-1 1.189621e0 3.2232397e0 3.2232397e0
-8.793182e-1 1.189621e0 3.0533383e0 3.0533383e0
-7.758713e-1 1.189621e0 2.8269778e0 2.8269778e0
-6.724243e-1 1.189621e0 2.5508006e0 2.5508006e0
-5.689774e-1 1.189621e0 2.2314484e0 2.2314484e0
-4.655304e-1 1.189621e0 1.8755637e0 1.8755637e0
-3.620834e-1 1.189621e0 1.4897882e0 1.4897882e0
-2.586365e-1 1.189621e0 1.0807643e0 1.0807643e0
-1.551895e-1 1.189621e0 6.55134e-1 6.55134e-1
-5.17426e-2 1.189621e0 2.1953952e-1 2.1953952e-1
5.17044e-2 1.189621e0 -2.1937766e-1 -2.1937766e-1
1.551514e-1 1.189621e0 -6.5497481e-1 -6.5497481e-1
2.585983e-1 1.189621e0 -1.08061e0 -1.08061e0
3.620453e-1 1.189621e0 -1.4896414e0 -1.4896414e0
4.654922e-1 1.189621e0 -1.8754265e0 -1.8754265e0
5.689392e-1 1.189621e0 -2.2313235e0 -2.2313235e0
6.723862e-1 1.189621e0 -2.5506902e0 -2.5506902e0
7.758331e-1 1.189621e0 -2.8268846e0 -2.8268846e0
8.792801e-1 1.189621e0 -3.0532646e0 -3.0532646e0
9.82727e-1 1.189621e0 -3.2231883e0 -3.2231883e0
1.086174e0 1.189621e0 -3.3300127e0 -3.3300127e0
1.189621e0 1.189621e0 -3.3670978e0 -3.3670978e0
1.293068e0 1.189621e0 -3.3277992e0 -3.3277992e0
1.3965149e0 1.189621e0 -3.2054764e0 -3.2054764e0
1.4999619e0 1.189621e0 -2.9934854e0 -2.9934854e0

-1.5e0 1.293068e0 4.1491104e0 4.1491104e0
-1.396553e0 1.293068e0 4.2814314e0 4.2814314e0
-1.2931061e0 1.293068e0 4.3240819e0 4.3240819e0
-1.1896591e0 1.293068e0 4.2837059e0 4.2837059e0
-1.0862122e0 1.293068e0 4.1669452e0 4.1669452e0
-9.827652e-1 1.293068e0 3.980441e0 3.980441e0
-8.793182e-1 1.293068e0 3.7308357e0 3.7308357e0
-7.758713e-1 1.293068e0 3.4247714e0 3.4247714e0
-6.724243e-1 1.293068e0 3.0688904e0 3.0688904e0
-5.689774e-1 1.293068e0 2.6698343e0 2.6698343e0
-4.655304e-1 1.293068e0 2.2342456e0 2.2342456e0
-3.620834e-1 1.293068e0 1.7687663e0 1.7687663e0
-2.586365e-1 1.293068e0 1.2800388e0 1.2800388e0
-1.551895e-1 1.293068e0 7.7470447e-1 7.7470447e-1
-5.17426e-2 1.293068e0 2.5940619e-1 2.5940619e-1
5.17044e-2 1.293068e0 -2.5921489e-1 -2.5921489e-1
1.551514e-1 1.293068e0 -7.7451588e-1 -7.7451588e-1
2.585983e-1 1.293068e0 -1.279855e0 -1.279855e0
3.620453e-1 1.293068e0 -1.7685901e0 -1.7685901e0
4.654922e-1 1.293068e0 -2.234079e0 -2.234079e0
5.689392e-1 1.293068e0 -2.66968e0 -2.66968e0
6.723862e-1 1.293068e0 -3.0687506e0 -3.0687506e0
7.758331e-1 1.293068e0 -3.4246489e0 -3.4246489e0
8.792801e-1 1.293068e0 -3.7307327e0 -3.7307327e0
9.82727e-1 1.293068e0 -3.9803603e0 -3.9803603e0
1.086174e0 1.293068e0 -4.1668884e0 -4.1668884e0
1.189621e0 1.293068e0 -4.2836774e0 -4.2836774e0
1.293068e0 1.293068e0 -4.3240826e0 -4.3240826e0
1.3965149e0 1.293068e0 -4.2814636e0 -4.2814636e0
1.4999619e0 1.293068e0 -4.1491765e0 -4.1491765e0

-1.5e0 1.3965149e0 5.4011398e0 5.4011398e0
-1.396553e0 1.3965149e0 5.4471152e0 5.4471152e0
-1.2931061e0 1.3965149e0 5.4034198e0 5.4034198e0
-1.1896591e0 1.3965149e0 5.2766982e0 5.2766982e0
-1.0862122e0 1.3965149e0 5.0735916e0 5.0735916e0
-9.827652e-1 1.3965149e0 4.8007416e0 4.8007416e0
-8.793182e-1 1.3965149e0 4.4647906e0 4.4647906e0
-7.758713e-1 1.3965149e0 4.0723805e0 4.0723805e0
-6.724243e-1 1.3965149e0 3.6301537e0 3.6301537e0
-5.689774e-1 1.3965149e0 3.1447519e0 3.1447519e0
-4.655304e-1 1.3965149e0 2.6228175e0 2.6228175e0
-3.620834e-1 1.3965149e0 2.0709924e0 2.0709924e0
-2.586365e-1 1.3965149e0 1.495919e0 1.495919e0
-1.551895e-1 1.3965149e0 9.0423903e-1 9.0423903e-1
-5.17426e-2 1.3965149e0 3.0259503e-1 3.0259503e-1
5.17044e-2 1.3965149e0 -3.0237184e-1 -3.0237184e-1
1.551514e-1 1.3965149e0 -9.040186e-1 -9.040186e-1
2.585983e-1 1.3965149e0 -1.4957034e0 -1.4957034e0
3.620453e-1 1.3965149e0 -2.0707843e0 -2.0707843e0
4.654922e-1 1.3965149e0 -2.622619e0 -2.622619e0
5.689392e-1 1.3965149e0 -3.1445657e0 -3.1445657e0
6.723862e-1 1.3965149e0 -3.629982e0 -3.629982e0
7.758331e-1 1.3965149e0 -4.0722261e0 -4.0722261e0
8.792801e-1 1.3965149e0 -4.4646558e0 -4.4646558e0
9.82727e-1 1.3965149e0 -4.800629e0 -4.800629e0
1.086174e0 1.3965149e0 -5.073503e0 -5.073503e0
1.189621e0 1.3965149e0 -5.2766377e0 -5.2766377e0
1.293068e0 1.3965149e0 -5.4033887e0 -5.4033887e0
1.3965149e0 1.3965149e0 -5.4471155e0 -5.4471155e0
1.4999619e0 1.3965149e0 -5.4011742e0 -5.4011742e0

-1.5e0 1.4999619e0 6.749484e0 6.749484e0
-1.396553e0 1.4999619e0 6.7024722e0 6.7024722e0
-1.2931061e0 1.4999619e0 6.5657887e0 6.5657887e0
-1.1896591e0 1.4999619e0 6.3460788e0 6.3460788e0
-1.0862122e0 1.4999619e0 6.0499843e0 6.0499843e0
-9.827652e-1 1.4999619e0 5.6841461e0 5.6841461e0
-8.793182e-1 1.4999619e0 5.2552069e0 5.2552069e0
-7.758713e-1 1.4999619e0 4.7698087e0 4.7698087e0
-6.724243e-1 1.4999619e0 4.2345938e0 4.2345938e0
-5.689774e-1 1.4999619e0 3.6562038e0 3.6562038e0
-4.655304e-1 1.4999619e0 3.0412813e0 3.0412813e0
-3.620834e-1 1.4999619e0 2.396468e0 2.396468e0
-2.586365e-1 1.4999619e0 1.7284065e0 1.7284065e0
-1.551895e-1 1.4999619e0 1.0437384e0 1.0437384e0
-5.17426e-2 1.4999619e0 3.491063e-1 3.491063e-1
5.17044e-2 1.4999619e0 -3.4884877e-1 -3.4884877e-1
1.551514e-1 1.4999619e0 -1.0434837e0 -1.0434837e0
2.585983e-1 1.4999619e0 -1.7281567e0 -1.7281567e0
3.620453e-1 1.4999619e0 -2.3962257e0 -2.3962257e0
4.654922e-1 1.4999619e0 -3.0410486e0 -3.0410486e0
5.689392e-1 1.4999619e0 -3.6559833e0 -3.6559833e0
6.723862e-1 1.4999619e0 -4.2343878e0 -4.2343878e0
7.758331e-1 1.4999619e0 -4.76962e0 -4.76962e0
8.792801e-1 1.4999619e0 -5.2550378e0 -5.2550378e0
9.82727e-1 1.4999619e0 -5.6839992e0 -5.6839992e0
1.086174e0 1.4999619e0 -6.0498613e0 -6.0498613e0
1.189621e0 1.4999619e0 -6.3459842e0 -6.3459842e0
1.293068e0 1.4999619e0 -6.5657234e0 -6.5657234e0
1.3965149e0 1.4999619e0 -6.7024382e0 -6.7024382e0
1.4999619e0 1.4999619e0 -6.749486e0 -6.749486e0
